0,9046,8986,8989,9076,8926
0,9046,8986,8989,9076,8926
9046,0,6209,6804,5542,6783
8986,6209,0,6740,6259,6697
8989,6804,6740,0,6827,6788
9076,5542,6259,6827,0,6809
8926,6783,6697,6788,6809,0
